batches: 27203
min: -0.035499, -0.107507, 0
max: 4204.41, 3896.05, 187.8
maxDiagonal: 4011.18
min-lower-median-upper-max: 0, 40.8828, 47.5532, 71.2471, 4011.18

